0 0 0
0 0 32
0 0 64
0 0 96
0 0 128
0 0 160
0 0 192
0 0 224
0 0 256
0 0 288
0 0 320
0 0 352
0 0 384
0 0 416
0 0 448
0 0 480
0 0 512
0 0 544
0 0 576
0 0 608
0 32 0
0 64 0
0 96 0
0 128 0
0 160 0
0 192 0
0 224 0
0 256 0
0 288 0
0 320 0
0 352 0
0 384 0
0 416 0
0 32 608
0 64 608
0 96 608
0 128 608
0 160 608
0 192 608
0 224 608
0 256 608
0 288 608
0 320 608
0 352 608
0 384 608
0 416 608
0 448 0
0 448 32
0 448 64
0 448 96
0 448 128
0 448 160
0 448 192
0 448 224
0 448 256
0 448 288
0 448 320
0 448 352
0 448 384
0 448 416
0 448 448
0 448 480
0 448 512
0 448 544
0 448 576
0 448 608
0 32 96
0 32 192
0 128 96
0 208 32
0 208 64
0 208 96
0 128 192
0 160 192
0 192 192
0 224 192
0 256 192
0 288 192
0 320 192
0 352 192
2 384 192
2 416 192
0 288 32
0 288 64
0 288 96
0 320 96
0 352 96
0 32 288
0 32 320
0 32 352
0 64 352
0 96 352
0 128 352
0 128 320
0 128 288
3 160 288
3 192 288
0 224 288
0 256 288
1 288 288
1 320 288
0 352 288
0 352 256
0 352 224
0 384 288
0 416 288
0 32 448
0 64 448
0 352 368
0 384 368
0 416 368
0 352 448
0 352 480
0 352 512
0 384 448
0 416 448
0 224 320
0 224 352
0 224 384
0 224 416
0 224 448
0 224 480
0 224 512
0 192 448
0 192 480
0 192 512
0 160 448
0 160 480
0 160 512
0 160 544
0 160 576
0 256 512
4 256 544
4 256 576